((("this" .
   [1 0 0 0])
  ("palindrome3" .
   [1 0 0 0 0 0 0 0 0 0 0])
  ("b" .
   [2])
  ("palindrome" .
   [0 0 0 0 0 0 1 0 0 0])
  ("the" .
   [2 0 0])
  ("solution" .
   [1 0 0 1 0 0 0 0])
  ("test" .
   [3 0 0 0])
  ("t" .
   [1])
  ("phi" .
   [3 0 0])
  ("summation" .
   [1 0 0 0 1 0 0 0 0])
  ("evenFib" .
   [0 0 0 1 0 0 0])
  ("append" .
   [8 0 1 0 0 0])
  ("np" .
   [1 0])
  ("indices" .
   [7 0 0 0 1 1 0])
  ("j" .
   [11])
  ("ascii_lowercase" .
   [0 0 0 0 0 0 0 0 0 0 0 1 0 0 0])
  ("ascii_lowecase" .
   [0 0 0 0 1 0 0 0 0 0 0 0 0 0])
  ("enumerate" .
   [0 0 0 0 0 1 0 0 0])
  ("join" .
   [3 0 0 2])
  ("find" .
   [1 0 0 0])
  ("ImportError" .
   [0 0 0 1 0 0 0 0 0 0 0])
  ("sol2" .
   [3 0 0 0])
  ("groups" .
   [1 0 0 0 0 0])
  ("start" .
   [1 0 0 0 0])
  ("group" .
   [5 0 0 0 0])
  ("match" .
   [2 0 0 0 0])
  ("a" .
   [4])
  ("findall" .
   [1 0 0 0 2 0 1])
  ("search" .
   [6 0 1 1 0 0])
  ("re" .
   [4 1])
  ("read" .
   [2 0 0 1])
  ("f" .
   [6])
  ("text" .
   [13 0 0 0])
  ("range" .
   [0 0 0 0 1])
  ("def" .
   [1 1 0])
  ("pyplot" .
   [0 0 0 0 1 0])
  ("matplotlib" .
   [0 0 0 0 1 0 0 0 0 0])
  ("numpy" .
   [2 0 0 0 0])
  ("string" .
   [7 0 0 0 0 0])
  ("readinto" .
   [0 0 0 0 0 0 0 1])
  ("newText" .
   [3 0 0 2 1 0 0])
  ("sol" .
   [1 0 0])
  ("other" .
   [1 0 0 0 0])
  ("solutions" .
   [1 0 0 0 0 0 0 0 0])
  ("above" .
   [2 0 0 0 0])
  ("n" .
   [20])
  ("fibonaci1" .
   [1 0 0 0 0 0 0 0 0])
  ("return" .
   [0 0 0 1 0 0])
  ("nums" .
   [1 0 0 0])
  ("x" .
   [21])
  ("i" .
   [22])
  ("ans" .
   [2 0 0])
  ("fibonaciGen1" .
   [0 0 0 0 1 0 0 0 0 0 0 0])
  ("n1" .
   [2 0])
  ("mult" .
   [7 0 0 0])
  ("multiply" .
   [1 0 0 0 0 0 0 0])))
